2.475315972222221106e+01 9.806284899912347441e+01 1.627747411043206860e+00 6.362157654361876025e-02 -1.056431299268924651e+00 -7.179309316058898327e-01
-2.436861480902778396e+02 8.649128579165061836e+00 -1.746865012338629647e-02 -2.671450059659212783e-01 4.355252131946427685e-01 -4.539385045463782686e-02
1.028860409900895775e+03 4.477596258572281585e+01 -1.075070381162728461e+00 7.822628467963558263e-01 2.932595423182783878e-01 2.202576129892477308e-01
2.836025902667436149e+00 4.391719965853805974e+00 -1.090011380981681821e+00 1.412560433052252762e+00 -8.779418158984509946e-01 1.066450594287688514e+00
4.925860008366392435e+02 1.058866924871205129e+02 6.952882480742625937e-01 -1.970659114857283289e-01 1.286170366344465910e+00 -1.609262033366718692e+00
-2.413155871097986562e+02 4.749947599019847075e+02 1.915660463740061492e-01 -9.978019466759900924e-01 1.364743375180575313e+00 -1.326885455334145592e+00
3.421701252236131197e+00 3.905928491321902563e+00 1.107661088359449320e+00 -1.726683756344586040e+00 4.027894979079098547e-01 6.887451667607966677e-01
-8.836647959908650041e-01 5.154141122445712320e+00 2.046138141723708153e-03 2.104059144394410552e+00 -4.556758266385526057e-01 -1.640966315742437454e+00
1.140090900122426421e+00 5.241185947649540822e+00 -1.402086237354245313e+00 -1.274381092166537055e+00 9.485331451636138667e-01 2.287052729435588905e+00
9.129485539736153044e+01 5.126366103670428629e+02 1.444845795784371056e-01 -3.238076498183171253e-02 -1.750214340277191027e+00 1.467641350735739536e+00
1.000000000000000000e+00 0.000000000000000000e+00 -4.068325914131023957e+00 -4.456065906125945553e+00 -2.462605098857652219e+00 -2.655455568526307264e+00
